[RFNET]

n_in  4
n_out  3
diag_only  0
meta  0
meta_rate  0
penalty  0.005
init_alpha  0.1 0.1 0.1 0.1 0.1 0.1 0.1 0.1 0.1 0.1 0.1 0.1 0.1 0.1 0.1 0.1 
norm  40.1373 99 84.8414 89.4272 
norm_out  112.274 26.0565 5.12132 
n_data  2168
w_gen  0.1
w_prune  0.9
init_lambda  0.999
final_lambda  0.9999
tau_lambda  0.99999
init_P  1e+010
n_pruned  0
init_D  25 0 0 0 0 25 0 0 0 0 25 0 0 0 0 25 
init_M  5 0 0 0 0 5 0 0 0 0 5 0 0 0 0 5 
mean_x  -14.2758 89.6932 34.2573 -66.8188 
var_x  76.584 43.417 404.647 216.474 
kernel  Gaussian
numero_rfs  5

[RF1]
D  24.0344 -1.45752e-005 -0.000136311 3.57501e-005 -1.45752e-005 24.0342 5.14269e-005 -1.33422e-005 -0.000136311 5.14269e-005 24.0355 -0.000165108 3.57501e-005 -1.33422e-005 -0.000165108 24.0344 
M  4.90249 -2.97301e-006 -2.78044e-005 7.29224e-006 0 4.90247 1.049e-005 -2.72153e-006 0 0 4.9026 -3.36776e-005 0 0 0 4.90249 
alpha  0.1 0.1 0.1 0.1 0.1 0.1 0.1 0.1 0.1 0.1 0.1 0.1 0.1 0.1 0.1 0.1 
b0  0.772453 -0.254276 0.2757 
P  0.33058 -0.0202564 0.154679 -0.0717022 -0.0202564 1.74702 -0.225894 -0.225585 0.154679 -0.225894 0.427965 -0.0202207 -0.0717022 -0.225585 -0.0202207 0.40329 
B  0.386352 0.130022 0.277327 -0.0863636 -4.04448 0.701166 0.64889 1.65034 0.29453 -0.146102 1.12932 -1.71019 
H  0.0325062 -0.125217 0.0628493 0.0029744 0.0810531 -0.0214765 -0.0431054 0.143578 -0.0414788 -0.0384593 0.0357426 -0.0211818 
R  0.00511876 -0.000187321 -0.00280847 0.000487281 -0.000187321 0.00128909 0.000942401 0.000454552 -0.00280847 0.000942401 0.00754767 -0.00165838 0.000487281 0.000454552 -0.00165838 0.00561433 
h  0 0 0 0 0 0 0 0 0 0 0 0 0 0 0 0 
b  -2.30259 -2.30259 -2.30259 -2.30259 -2.30259 -2.30259 -2.30259 -2.30259 -2.30259 -2.30259 -2.30259 -2.30259 -2.30259 -2.30259 -2.30259 -2.30259 
c  -0.477703 0.961454 0.226188 -0.873056 
vif  0.00710412 0.00666548 0.0073996 0.00641349 
sum_w  176.267
sum_e_cv2  2.1814
sum_e2  2.09593
n_data  885.839
trustworthy  1
lambda  0.999019
mean_x	 -0.373489 0.891068 0.3475 -0.805185 
var_x  0.0214899 0.00381534 0.0172902 0.0159029 
w  0.061942
erased  0


[RF2]
D  22.8748 8.16971e-006 -0.000126981 0.000171688 8.16971e-006 22.8745 1.16524e-005 3.31507e-005 -0.000126981 1.16524e-005 22.8754 -0.000105356 0.000171688 3.31507e-005 -0.000105356 22.8752 
M  4.78276 1.70816e-006 -2.65498e-005 3.58974e-005 0 4.78273 2.43635e-006 6.93132e-006 0 0 4.78282 -2.20277e-005 0 0 0 4.78281 
alpha  0.1 0.1 0.1 0.1 0.1 0.1 0.1 0.1 0.1 0.1 0.1 0.1 0.1 0.1 0.1 0.1 
b0  0.810587 -0.0508829 0.00917368 
P  0.521939 -0.0691669 0.107254 -0.0807833 -0.0691669 2.85002 -0.248199 -0.387363 0.107254 -0.248199 0.374382 -0.00879289 -0.0807833 -0.387363 -0.00879289 0.459846 
B  0.383505 0.0848795 0.152001 0.00145295 -3.79839 0.95538 0.463782 1.38738 0.0574878 -0.209749 1.21243 -1.3192 
H  0.0014349 -0.0797964 -0.0695098 -0.0102516 0.00896338 0.0483026 -0.0525846 0.253606 -0.0652873 -0.0373071 -0.0747915 0.0130543 
R  0.00322814 0.000296502 -0.000954297 0.000447157 0.000296502 0.001014 0.000396242 0.00136092 -0.000954297 0.000396242 0.00645092 -0.000108863 0.000447157 0.00136092 -0.000108863 0.00726774 
h  0 0 0 0 0 0 0 0 0 0 0 0 0 0 0 0 
b  -2.30259 -2.30259 -2.30259 -2.30259 -2.30259 -2.30259 -2.30259 -2.30259 -2.30259 -2.30259 -2.30259 -2.30259 -2.30259 -2.30259 -2.30259 -2.30259 
c  -0.0857132 0.961206 0.385043 -0.455122 
vif  0.00624007 0.00693164 0.00642862 0.00671658 
sum_w  175.689
sum_e_cv2  1.59294
sum_e2  1.55305
n_data  856.316
trustworthy  1
lambda  0.999017
mean_x	 -0.199688 0.916556 0.369836 -0.593189 
var_x  0.0119556 0.00243213 0.0171713 0.0146062 
w  0.005174
erased  0


[RF3]
D  23.0869 -2.62634e-005 -6.51354e-005 0.000146731 -2.62634e-005 23.0863 2.76508e-005 -1.59643e-005 -6.51354e-005 2.76508e-005 23.0865 -7.57303e-005 0.000146731 -1.59643e-005 -7.57303e-005 23.0867 
M  4.80488 -5.46598e-006 -1.35561e-005 3.05379e-005 0 4.80482 5.75479e-006 -3.32253e-006 0 0 4.80485 -1.57611e-005 0 0 0 4.80486 
alpha  0.1 0.1 0.1 0.1 0.1 0.1 0.1 0.1 0.1 0.1 0.1 0.1 0.1 0.1 0.1 0.1 
b0  0.806998 0.0853594 0.331208 
P  0.56887 -0.138319 0.243642 -0.245724 -0.138319 3.86906 -0.834407 -0.243404 0.243642 -0.834407 0.579489 -0.00107149 -0.245724 -0.243404 -0.00107149 0.820326 
B  0.401301 0.455803 0.364102 0.00520145 -4.19769 0.625582 0.388422 2.65676 0.0522852 -0.305074 0.225113 -1.92736 
H  0.0452832 -0.051609 0.00892082 -0.0174695 0.0411215 -0.0688941 -0.0617434 0.24572 -0.0241049 -0.0085524 -0.0818391 -0.0679327 
R  0.0050733 -0.000172264 -0.002432 0.00217273 -0.000172264 0.00115395 0.00164352 5.68417e-005 -0.002432 0.00164352 0.00828963 -0.00195707 0.00217273 5.68417e-005 -0.00195707 0.00451282 
h  0 0 0 0 0 0 0 0 0 0 0 0 0 0 0 0 
b  -2.30259 -2.30259 -2.30259 -2.30259 -2.30259 -2.30259 -2.30259 -2.30259 -2.30259 -2.30259 -2.30259 -2.30259 -2.30259 -2.30259 -2.30259 -2.30259 
c  -0.814334 0.955357 0.601236 -0.871798 
vif  0.0130598 0.0134581 0.0162446 0.0106104 
sum_w  112.957
sum_e_cv2  1.40603
sum_e2  1.34324
n_data  801.891
trustworthy  1
lambda  0.999014
mean_x	 -0.644651 0.929216 0.61012 -0.849298 
var_x  0.0229575 0.00347838 0.0280327 0.0129344 
w  0.517448
erased  0


[RF4]
D  22.4164 -1.72418e-005 -0.000104816 0.000212824 -1.72418e-005 22.4163 8.11804e-006 -4.23611e-006 -0.000104816 8.11804e-006 22.4169 -0.000189227 0.000212824 -4.23611e-006 -0.000189227 22.4174 
M  4.7346 -3.64165e-006 -2.21384e-005 4.49508e-005 0 4.73458 1.71461e-006 -8.94681e-007 0 0 4.73465 -3.99663e-005 0 0 0 4.7347 
alpha  0.1 0.1 0.1 0.1 0.1 0.1 0.1 0.1 0.1 0.1 0.1 0.1 0.1 0.1 0.1 0.1 
b0  0.862249 0.173863 0.123485 
P  0.440241 0.0377033 0.122002 -0.135054 0.0377033 4.43255 -0.593258 -0.188304 0.122002 -0.593258 0.351689 -0.0311863 -0.135054 -0.188304 -0.0311863 0.401068 
B  0.38174 0.267752 0.0962115 0.111079 -3.82406 1.15856 0.317796 2.19497 -0.182932 -0.335979 0.482918 -1.61281 
H  -0.0114321 -0.0688976 -0.113655 0.00618383 0.0454835 0.0438288 -0.0186158 0.126404 -0.144048 0.000716663 -0.0470297 -0.0921394 
R  0.00524284 -0.000445012 -0.00322208 0.00265339 -0.000445012 0.000651319 0.00172767 -0.000345637 -0.00322208 0.00172767 0.0144073 -0.00364512 0.00265339 -0.000345637 -0.00364512 0.0141755 
h  0 0 0 0 0 0 0 0 0 0 0 0 0 0 0 0 
b  -2.30259 -2.30259 -2.30259 -2.30259 -2.30259 -2.30259 -2.30259 -2.30259 -2.30259 -2.30259 -2.30259 -2.30259 -2.30259 -2.30259 -2.30259 -2.30259 
c  -0.285737 0.972732 0.763486 -0.660249 
vif  0.00903808 0.00994625 0.0107842 0.00821767 
sum_w  138.955
sum_e_cv2  2.03828
sum_e2  1.97431
n_data  860.996
trustworthy  1
lambda  0.999017
mean_x	 -0.349017 0.936229 0.590132 -0.68251 
var_x  0.0205299 0.00224391 0.0306639 0.0204895 
w  0.138184
erased  0


[RF5]
D  23.6021 -6.88234e-006 -6.61348e-005 2.01659e-005 -6.88234e-006 23.6021 3.56466e-005 6.51439e-007 -6.61348e-005 3.56466e-005 23.6028 -5.21102e-005 2.01659e-005 6.51439e-007 -5.21102e-005 23.6022 
M  4.8582 -1.41664e-006 -1.3613e-005 4.1509e-006 0 4.8582 7.3374e-006 1.34092e-007 0 0 4.85827 -1.07261e-005 0 0 0 4.85821 
alpha  0.1 0.1 0.1 0.1 0.1 0.1 0.1 0.1 0.1 0.1 0.1 0.1 0.1 0.1 0.1 0.1 
b0  0.688034 -0.379831 0.154616 
P  1.19806 -0.251876 0.337204 0.0242396 -0.251876 2.49626 -0.309376 -0.430391 0.337204 -0.309376 0.557265 0.0207966 0.0242396 -0.430391 0.0207966 0.565661 
B  0.339589 -0.0204799 0.185832 -0.229644 -4.11587 0.680933 0.708855 0.807469 0.394124 0.0374268 1.49225 -1.47676 
H  0.0148506 -0.0908519 -0.0369112 0.0152818 -0.0136041 0.0457885 0.00661209 0.16191 0.0990987 -0.0703711 0.0198806 -0.112478 
R  0.001059 1.37034e-005 -0.000514075 -0.000539569 1.37034e-005 0.000650654 0.000263698 -4.06557e-006 -0.000514075 0.000263698 0.00266526 -0.000299883 -0.000539569 -4.06557e-006 -0.000299883 0.00313721 
h  0 0 0 0 0 0 0 0 0 0 0 0 0 0 0 0 
b  -2.30259 -2.30259 -2.30259 -2.30259 -2.30259 -2.30259 -2.30259 -2.30259 -2.30259 -2.30259 -2.30259 -2.30259 -2.30259 -2.30259 -2.30259 -2.30259 
c  -0.114232 0.862748 -0.081299 -0.775633 
vif  0.0112221 0.0115379 0.0118372 0.0107419 
sum_w  107.597
sum_e_cv2  1.06915
sum_e2  1.00583
n_data  762.705
trustworthy  1
lambda  0.999013
mean_x	 -0.163121 0.872687 0.115006 -0.758513 
var_x  0.0093669 0.00462205 0.0212417 0.0189899 
w  6.85631e-005
erased  0


[ENDINI]
