[RFNET]

n_in  4
n_out  12
diag_only  0
meta  0
meta_rate  0
penalty  0.001
init_alpha  0.1 0.1 0.1 0.1 0.1 0.1 0.1 0.1 0.1 0.1 0.1 0.1 0.1 0.1 0.1 0.1 
norm  38.9903 98.9996 84.2579 89.4272 
norm_out  3.14999 2.11178 4.9493 5.86133 0.388698 0.274554 0.529853 0.686032 2.68759 2.03232 4.36673 5.08707 
n_data  158
w_gen  0.1
w_prune  0.9
init_lambda  0.999
final_lambda  0.9999
tau_lambda  0.99999
init_P  1e+010
n_pruned  0
init_D  25 0 0 0 0 25 0 0 0 0 25 0 0 0 0 25 
init_M  5 0 0 0 0 5 0 0 0 0 5 0 0 0 0 5 
mean_x  -14.5546 88.5856 36.233 -65.9092 
var_x  83.5691 48.174 431.567 219.011 
kernel  Gaussian
numero_rfs  7

[RF1]
D  24.9757 -3.36971e-005 -7.42355e-006 -8.34257e-005 -3.36971e-005 24.9759 -1.57289e-005 0.000159208 -7.42355e-006 -1.57289e-005 24.9758 -3.84226e-005 -8.34257e-005 0.000159208 -3.84226e-005 24.9764 
M  4.99757 -6.7427e-006 -1.48543e-006 -1.66932e-005 0 4.99759 -3.14731e-006 3.18569e-005 0 0 4.99758 -7.68823e-006 0 0 0 4.99764 
alpha  0.1 0.1 0.1 0.1 0.1 0.1 0.1 0.1 0.1 0.1 0.1 0.1 0.1 0.1 0.1 0.1 
b0  0.0948234 0.142936 -0.0167262 0.17345 -0.129561 -0.39652 0.047708 -0.147234 -0.0737286 -0.125335 0.0257841 -0.179293 
P  1.66798 0.694086 0.546283 -0.518945 0.694086 15.3834 -2.11708 -3.25362 0.546283 -2.11708 2.17515 0.151313 -0.518945 -3.25362 0.151313 2.49488 
B  -0.078359 -0.1679 0.00504395 -0.117137 0.128554 0.174875 0.0346459 0.049624 0.0747866 0.163872 -0.00353295 0.127783 -0.0790622 -0.38226 -0.105514 -0.229661 0.0300233 0.371066 0.0120923 0.214266 0.0767094 0.376171 0.0854562 0.261645 0.0994663 -0.318585 0.0525333 -0.145957 -0.0143621 0.363722 0.149618 0.0339026 -0.0962034 0.322413 -0.0686107 0.154535 0.555969 0.667794 -0.238785 0.687417 -0.347597 -0.512158 0.213229 -0.321477 -0.581862 -0.665417 0.247413 -0.758373 
H  0.00346597 0.00532493 -0.00154314 0.00474836 -0.00482521 -0.00596075 -0.000791057 -0.00558391 -0.00361618 -0.00553988 0.00157935 -0.00524501 0.0068962 -0.000430703 -0.00478425 0.00193299 -0.00478379 0.000311096 0.00406556 -0.00187787 -0.00715555 0.000338705 0.00473602 -0.00184842 0.00228352 -0.00317857 -0.000505486 6.12408e-005 -0.0054051 -0.000505669 -0.00101215 -0.00318159 -0.00246853 0.00296168 0.000510599 7.01955e-005 0.0244224 0.0193113 -0.0152413 0.0247317 -0.023201 -0.0152506 0.0139372 -0.0241562 -0.0258675 -0.0195367 0.015218 -0.0264217 
R  0.00119275 -0.000465 -0.00029023 -0.000508456 -0.000465 0.00112399 0.000295934 0.00202541 -0.00029023 0.000295934 0.00154684 -0.000279683 -0.000508456 0.00202541 -0.000279683 0.00701138 
h  0 0 0 0 0 0 0 0 0 0 0 0 0 0 0 0 
b  -2.30259 -2.30259 -2.30259 -2.30259 -2.30259 -2.30259 -2.30259 -2.30259 -2.30259 -2.30259 -2.30259 -2.30259 -2.30259 -2.30259 -2.30259 -2.30259 
c  -0.294204 0.804868 0.414938 -0.85897 
vif  0.0338315 0.0464761 0.0375038 0.0407685 
sum_w  35.8243
sum_e_cv2  3.90022
sum_e2  3.033
n_data  144.518
trustworthy  1
lambda  0.999001
mean_x	 -0.314418 0.872518 0.395213 -0.776711 
var_x  0.020283 0.00302117 0.0172419 0.0163409 
w  0.363379
erased  0


[RF2]
D  24.9868 -6.05013e-007 -9.55836e-006 1.36423e-005 -6.05013e-007 24.9868 4.18663e-007 -7.65079e-007 -9.55836e-006 4.18663e-007 24.9868 -1.27004e-005 1.36423e-005 -7.65079e-007 -1.27004e-005 24.9868 
M  4.99868 -1.21035e-007 -1.91218e-006 2.72919e-006 0 4.99868 8.37547e-008 -1.53056e-007 0 0 4.99868 -2.54074e-006 0 0 0 4.99868 
alpha  0.1 0.1 0.1 0.1 0.1 0.1 0.1 0.1 0.1 0.1 0.1 0.1 0.1 0.1 0.1 0.1 
b0  0.0829985 0.0345263 0.00569509 0.112907 -0.129152 -0.262025 0.062983 -0.127189 -0.0548305 -0.0209889 -0.0036727 -0.11257 
P  7.85502 6.12557 -1.31711 -5.18824 6.12557 120.344 -22.9148 -16.9222 -1.31711 -22.9148 11.0601 4.94919 -5.18824 -16.9222 4.94919 18.0965 
B  -0.0161654 -0.0498138 -0.00444401 -0.0506193 0.0463704 0.128584 0.0178005 -0.0040782 0.01109 0.0463401 0.00373065 0.0598951 -0.08779 0.0302486 0.094097 -0.169694 -0.246139 0.433691 0.124138 0.178263 0.0828402 -0.0250512 -0.101229 0.202302 0.0649148 -0.154763 0.00456316 0.0470997 0.167813 0.135152 0.0161646 -0.0863996 -0.0614503 0.139253 -0.0184256 -0.0432578 0.393673 0.372307 -0.0260899 0.428239 -0.170736 -0.557755 0.0708449 -0.0631473 -0.416598 -0.360018 0.0292543 -0.489449 
H  0.000112828 0.000626732 0.000583499 0.000652814 1.32895e-005 0.00135859 -0.000488033 -0.000319614 -0.000156441 -0.000718105 -0.000608803 -0.000734578 -0.000138945 0.000621632 0.000354048 -8.31684e-005 0.000210508 -0.000809205 -0.000785532 -8.71502e-005 0.000121417 -0.000564767 -0.000335614 9.97868e-005 -8.71773e-005 0.00196801 0.00118623 0.000396054 -0.000270449 -0.00110858 -0.00189766 -0.00116351 1.48347e-006 -0.00189089 -0.00113509 -0.000365379 -0.00010764 -0.00153046 -0.000965194 -0.000683028 -2.74569e-005 0.00072857 0.00138694 0.000885248 0.000213561 0.00141719 0.000960514 0.000677444 
R  4.16519e-005 -3.65811e-006 -1.66267e-005 1.52135e-005 -3.65811e-006 1.0239e-005 3.72909e-005 -1.53303e-005 -1.66267e-005 3.72909e-005 0.000178157 -8.67721e-005 1.52135e-005 -1.53303e-005 -8.67721e-005 6.52082e-005 
h  0 0 0 0 0 0 0 0 0 0 0 0 0 0 0 0 
b  -2.30259 -2.30259 -2.30259 -2.30259 -2.30259 -2.30259 -2.30259 -2.30259 -2.30259 -2.30259 -2.30259 -2.30259 -2.30259 -2.30259 -2.30259 -2.30259 
c  -0.79395 0.98437 0.918366 -0.974361 
vif  0.116545 0.162237 0.160189 0.132562 
sum_w  10.6378
sum_e_cv2  0.194403
sum_e2  0.116806
n_data  69.5037
trustworthy  1
lambda  0.999001
mean_x	 -0.754811 0.949575 0.77105 -0.897441 
var_x  0.014837 0.00134812 0.0144835 0.00732525 
w  0.0534717
erased  0


[RF3]
D  24.9875 -3.65267e-005 -7.47479e-005 1.77477e-006 -3.65267e-005 24.9871 1.9846e-005 -1.1542e-005 -7.47479e-005 1.9846e-005 24.9871 5.71965e-006 1.77477e-006 -1.1542e-005 5.71965e-006 24.987 
M  4.99875 -7.30717e-006 -1.49533e-005 3.55042e-007 0 4.99871 3.9702e-006 -2.309e-006 0 0 4.99871 1.14423e-006 0 0 0 4.9987 
alpha  0.1 0.1 0.1 0.1 0.1 0.1 0.1 0.1 0.1 0.1 0.1 0.1 0.1 0.1 0.1 0.1 
b0  0.157418 0.280168 -0.0563678 0.296615 -0.173113 -0.501818 0.0580611 -0.199497 -0.140581 -0.263298 0.0694102 -0.315095 
P  6.75332 -1.66166 1.45792 -0.0192289 -1.66166 23.3009 -3.3534 -5.32584 1.45792 -3.3534 2.80398 0.390021 -0.0192289 -5.32584 0.390021 4.8997 
B  -0.105428 -0.418739 0.321964 -0.24304 0.140728 0.226204 -0.272134 0.112874 0.101208 0.420935 -0.328933 0.264966 -0.91188 -1.57562 0.759167 -0.901663 0.828616 1.02143 -0.816237 0.704549 0.981405 1.54946 -0.810687 0.985116 0.286592 -0.403753 -0.159229 -0.16976 -0.0817159 0.328961 0.395117 -0.0175024 -0.308619 0.411642 0.145443 0.186904 0.68169 1.02147 -0.462122 1.01749 -0.55501 -0.675491 0.436129 -0.555202 -0.712239 -1.01749 0.483201 -1.11843 
H  -0.00547116 -0.00661952 0.00255358 -0.00252246 0.00613135 0.00482251 -0.00313158 0.00166901 0.0057946 0.00646568 -0.00269637 0.00280244 0.000113443 -0.00580828 -0.00116862 -0.000552837 0.00204246 0.00618192 -0.000237971 0.00168786 2.42317e-005 0.00560985 0.000919841 0.000865236 0.00602527 0.00565002 -0.00920689 0.0017288 -0.00941402 -0.00116199 0.00735445 0.000709454 -0.0060667 -0.00540181 0.0094429 -0.00146681 0.00360446 0.00283468 -0.00210551 0.0083828 -0.00108643 -0.000976306 0.000947458 -0.00715169 -0.00379381 -0.00289048 0.00196904 -0.00878976 
R  0.00145778 0.000356822 -0.00103357 9.97955e-005 0.000356822 0.000694366 2.8572e-005 0.000225932 -0.00103357 2.8572e-005 0.00282173 -0.000312508 9.97955e-005 0.000225932 -0.000312508 0.0011242 
h  0 0 0 0 0 0 0 0 0 0 0 0 0 0 0 0 
b  -2.30259 -2.30259 -2.30259 -2.30259 -2.30259 -2.30259 -2.30259 -2.30259 -2.30259 -2.30259 -2.30259 -2.30259 -2.30259 -2.30259 -2.30259 -2.30259 
c  -0.0146787 0.891681 0.224266 -0.525634 
vif  0.0599357 0.0858492 0.0718537 0.0719868 
sum_w  18.8304
sum_e_cv2  3.82362
sum_e2  2.58119
n_data  107.797
trustworthy  1
lambda  0.999001
mean_x	 -0.174988 0.897234 0.274249 -0.613016 
var_x  0.00887499 0.00368437 0.0256257 0.0146921 
w  0.00349159
erased  0


[RF4]
D  24.9969 5.34606e-007 6.21505e-006 -5.47579e-006 5.34606e-007 24.9969 -1.67101e-006 -1.76027e-006 6.21505e-006 -1.67101e-006 24.9969 -7.23269e-006 -5.47579e-006 -1.76027e-006 -7.23269e-006 24.9969 
M  4.99969 1.06928e-007 1.24309e-006 -1.09523e-006 0 4.99969 -3.34223e-007 -3.52077e-007 0 0 4.99969 -1.44663e-006 0 0 0 4.99969 
alpha  0.1 0.1 0.1 0.1 0.1 0.1 0.1 0.1 0.1 0.1 0.1 0.1 0.1 0.1 0.1 0.1 
b0  0.214117 0.126502 -0.0439363 0.243678 -0.181573 -0.362372 0.137685 -0.166913 -0.198272 -0.112367 0.0481438 -0.259731 
P  9.54627 -0.99206 3.82232 -4.6314 -0.99206 159.857 -22.3309 -12.3907 3.82232 -22.3309 9.59187 -1.00997 -4.6314 -12.3907 -1.00997 13.9844 
B  -0.138947 -0.165054 -0.136202 -0.182425 0.147742 0.179435 0.130428 0.0957841 0.148019 0.163309 0.139017 0.202007 0.108514 -0.587261 -1.33949 -0.660045 -0.284474 0.293931 1.889 0.523294 -0.122766 0.604951 1.3405 0.70249 0.0155035 -0.203413 0.184198 -0.00703205 0.149886 0.306194 0.0409544 0.0414117 -0.00054539 0.194409 -0.196168 0.0147879 0.55924 0.380275 -0.109163 0.652565 -0.286083 -0.345729 0.0640255 -0.283476 -0.605364 -0.403323 0.122868 -0.72465 
H  -0.000674571 0.00122292 1.05082e-005 -0.000402463 0.000444278 -0.000839361 -0.000381988 0.000460635 0.000719793 -0.00116137 -2.57655e-005 0.00041657 -0.00012798 0.000153372 7.30998e-005 -3.61139e-005 0.000232286 -8.5328e-005 -0.000122601 0.000125715 0.000138942 -0.000147813 -7.19168e-005 4.39303e-005 -0.000452043 -0.000619886 5.67709e-005 -0.000481787 0.000951607 0.000332674 -3.11119e-005 0.000970326 0.000491939 0.000578971 -2.64245e-005 0.000543406 -6.15118e-005 0.000619998 3.93499e-005 3.96641e-005 0.000101898 -0.00054829 -0.000239568 3.66532e-005 8.81609e-005 -0.000576625 -6.07379e-005 -3.02367e-005 
R  8.57645e-005 -2.49861e-007 -3.22563e-005 2.06212e-005 -2.49861e-007 6.15694e-006 2.52257e-005 3.8734e-006 -3.22563e-005 2.52257e-005 0.000217094 2.45866e-005 2.06212e-005 3.8734e-006 2.45866e-005 3.53458e-005 
h  0 0 0 0 0 0 0 0 0 0 0 0 0 0 0 0 
b  -2.30259 -2.30259 -2.30259 -2.30259 -2.30259 -2.30259 -2.30259 -2.30259 -2.30259 -2.30259 -2.30259 -2.30259 -2.30259 -2.30259 -2.30259 -2.30259 
c  -0.352959 0.984338 0.932024 -0.544864 
vif  0.163396 0.199835 0.218268 0.150185 
sum_w  8.84138
sum_e_cv2  1.61666
sum_e2  0.764808
n_data  97.0195
trustworthy  1
lambda  0.999001
mean_x	 -0.411028 0.961144 0.733001 -0.591728 
var_x  0.0171163 0.00125008 0.0227555 0.0107395 
w  0.0468845
erased  0


[RF5]
D  24.9987 -8.07977e-007 -6.71042e-007 -2.40202e-006 -8.07977e-007 24.9987 1.11886e-006 3.7812e-006 -6.71042e-007 1.11886e-006 24.9987 4.12549e-006 -2.40202e-006 3.7812e-006 4.12549e-006 24.9987 
M  4.99987 -1.616e-007 -1.34212e-007 -4.80417e-007 0 4.99987 2.23778e-007 7.56259e-007 0 0 4.99987 8.25119e-007 0 0 0 4.99987 
alpha  0.1 0.1 0.1 0.1 0.1 0.1 0.1 0.1 0.1 0.1 0.1 0.1 0.1 0.1 0.1 0.1 
b0  0.040898 0.182023 -0.0106498 0.174123 -0.095022 -0.47939 -0.025049 -0.153451 -0.0203598 -0.169486 0.0268107 -0.179928 
P  10.4749 4.49096 3.64467 -1.06122 4.49096 58.3911 -8.05639 -16.708 3.64467 -8.05639 6.44982 1.74875 -1.06122 -16.708 1.74875 11.4881 
B  0.262408 -0.182147 -0.0552742 -0.125576 -0.12283 0.168614 0.117491 0.116056 -0.273385 0.183334 0.0673832 0.140018 -0.505972 -0.299004 0.321997 -0.481191 0.353901 0.25968 -0.62789 0.345303 0.507925 0.285996 -0.349477 0.516877 0.180807 -0.414251 -0.0731593 -0.196803 -0.0262471 0.459234 0.451533 0.107472 -0.182856 0.437133 0.0582028 0.220962 0.489957 0.871636 -0.14804 0.665605 -0.448067 -0.468802 0.20398 -0.247417 -0.498637 -0.854305 0.154813 -0.734994 
H  -0.000318831 0.000145512 -9.69405e-005 0.000110961 0.000151012 -0.000302713 5.04545e-005 -0.000275443 0.000333032 -0.000124635 9.05599e-005 -0.000112903 2.3831e-006 -0.000117949 -4.5734e-005 -8.99752e-005 0.000106191 4.02448e-005 0.000121696 5.94192e-005 -5.0274e-006 0.00010775 4.9284e-005 8.43339e-005 0.000230454 -0.000130256 -0.000165069 -2.4141e-005 -0.000167453 0.00018225 0.000172666 6.83676e-005 -0.000244102 0.000113277 0.000174445 1.79909e-005 0.00028261 7.76027e-005 -0.00013427 0.000182148 -7.81946e-005 -0.00026649 0.00015599 -0.000268799 -0.000303244 -9.95602e-005 0.000147569 -0.000218821 
R  1.85374e-005 -3.14477e-006 -7.8051e-006 -4.42147e-006 -3.14477e-006 7.02984e-006 5.64647e-006 8.45763e-006 -7.8051e-006 5.64647e-006 1.67079e-005 1.39776e-006 -4.42147e-006 8.45763e-006 1.39776e-006 3.07109e-005 
h  0 0 0 0 0 0 0 0 0 0 0 0 0 0 0 0 
b  -2.30259 -2.30259 -2.30259 -2.30259 -2.30259 -2.30259 -2.30259 -2.30259 -2.30259 -2.30259 -2.30259 -2.30259 -2.30259 -2.30259 -2.30259 -2.30259 
c  -0.147295 0.72955 0.0269484 -0.993591 
vif  0.123877 0.190149 0.145891 0.137368 
sum_w  12.7043
sum_e_cv2  1.08918
sum_e2  0.488937
n_data  92.4906
trustworthy  1
lambda  0.999001
mean_x	 -0.154541 0.79754 0.101324 -0.866624 
var_x  0.011826 0.00325646 0.0226194 0.0119574 
w  0.00241515
erased  0


[RF6]
D  24.9836 3.69239e-005 -1.20979e-005 7.62559e-005 3.69239e-005 24.9835 9.20954e-007 6.5529e-005 -1.20979e-005 9.20954e-007 24.9834 1.94013e-005 7.62559e-005 6.5529e-005 1.94013e-005 24.9838 
M  4.99836 7.38721e-006 -2.42037e-006 1.52562e-005 0 4.99835 1.84255e-007 1.31101e-005 0 0 4.99834 3.88156e-006 0 0 0 4.99838 
alpha  0.1 0.1 0.1 0.1 0.1 0.1 0.1 0.1 0.1 0.1 0.1 0.1 0.1 0.1 0.1 0.1 
b0  0.0777585 0.116105 0.00214962 0.142797 -0.134465 -0.379762 0.035195 -0.132768 -0.0534257 -0.0968365 0.00514752 -0.145785 
P  7.39496 1.43035 4.29813 -4.24867 1.43035 58.9913 -14.4697 -12.1149 4.29813 -14.4697 13.6606 1.42322 -4.24867 -12.1149 1.42322 16.4967 
B  0.0147744 -0.186958 -0.0707987 -0.0756679 0.0286585 0.242972 0.117072 0.0134569 -0.0158738 0.174835 0.0678887 0.0862179 -0.105222 0.0394821 -0.0155281 -0.267429 0.0474846 0.168333 0.0464548 0.360271 0.111089 -0.0296882 -0.00441628 0.300156 0.162597 -0.290019 -0.0285369 -0.0346371 -0.0975491 0.358937 0.167564 -0.0841973 -0.153523 0.278301 0.0161282 0.0368895 0.566329 0.754557 -0.143163 0.678596 -0.348141 -0.729052 0.117455 -0.375137 -0.598091 -0.736825 0.148039 -0.742274 
H  -0.00128436 0.00136426 0.00135191 -0.000220465 2.88829e-005 -0.00199693 -0.000901358 -0.000993403 0.00146237 -0.00116893 -0.00142416 0.000348078 -0.000303813 0.000242869 0.000579158 -0.000243981 1.48772e-005 -0.000160791 -0.000536731 -0.000168971 0.000378917 -0.000148157 -0.000571861 0.000356744 0.000783289 0.000565331 0.000209791 0.000430429 -0.00100269 -0.000447234 -9.92371e-005 -0.00100316 -0.00070701 -0.000393193 -0.000212207 -0.000290653 -0.00037166 0.00188915 0.000890589 -0.000227958 -0.000426571 -0.0028735 -0.000490304 -0.00068347 0.000456208 -0.00157876 -0.000908825 0.000332973 
R  0.000169753 -1.80288e-005 -5.49037e-005 2.91535e-005 -1.80288e-005 4.88089e-005 3.16264e-005 4.48336e-005 -5.49037e-005 3.16264e-005 9.55617e-005 1.35215e-005 2.91535e-005 4.48336e-005 1.35215e-005 0.000119763 
h  0 0 0 0 0 0 0 0 0 0 0 0 0 0 0 0 
b  -2.30259 -2.30259 -2.30259 -2.30259 -2.30259 -2.30259 -2.30259 -2.30259 -2.30259 -2.30259 -2.30259 -2.30259 -2.30259 -2.30259 -2.30259 -2.30259 
c  -0.720658 0.816446 0.408013 -0.923069 
vif  0.17203 0.17511 0.199611 0.145541 
sum_w  9.64009
sum_e_cv2  0.55398
sum_e2  0.323691
n_data  62.9638
trustworthy  1
lambda  0.999001
mean_x	 -0.595029 0.888501 0.477511 -0.848124 
var_x  0.0232632 0.00296841 0.0146122 0.00882244 
w  0.350471
erased  0


[RF7]
D  24.9971 -3.46733e-008 3.70692e-006 -5.3634e-006 -3.46733e-008 24.9971 -1.11979e-006 -1.68647e-006 3.70692e-006 -1.11979e-006 24.9972 -6.83037e-006 -5.3634e-006 -1.68647e-006 -6.83037e-006 24.9971 
M  4.99971 -6.93506e-009 7.41426e-007 -1.07274e-006 0 4.99971 -2.2397e-007 -3.37313e-007 0 0 4.99972 -1.36615e-006 0 0 0 4.99971 
alpha  0.1 0.1 0.1 0.1 0.1 0.1 0.1 0.1 0.1 0.1 0.1 0.1 0.1 0.1 0.1 0.1 
b0  0.176822 0.358789 -0.0480376 0.356812 -0.167743 -0.540017 0.0708234 -0.242382 -0.160166 -0.339174 0.0576746 -0.379483 
P  116.244 59.8646 -23.2621 -117.316 59.8646 818.358 -144.413 -146.933 -23.2621 -144.413 77.1496 42.1707 -117.316 -146.933 42.1707 194.52 
B  -0.124094 -0.839636 -0.0655191 -0.681511 0.0565724 0.47597 0.0813093 0.301707 0.133686 0.845674 0.0713416 0.753621 0.137032 -3.29951 -1.03746 -2.00147 -0.165472 2.16385 0.614158 1.28146 -0.0929386 3.3404 1.0451 2.29641 -0.229817 -0.617964 0.401035 -0.521978 0.223982 0.506832 -0.221091 0.421254 0.252581 0.598323 -0.430425 0.548216 0.665609 2.14593 -0.124317 1.82457 -0.305418 -1.32556 0.107991 -0.926237 -0.709121 -2.14363 0.12144 -2.00369 
H  1.63528e-007 -6.92765e-007 -3.84376e-007 -4.57092e-007 -1.89643e-007 4.57933e-007 3.3652e-007 3.4188e-007 -1.80603e-007 6.72169e-007 4.05798e-007 4.89594e-007 4.55207e-008 -5.13528e-007 -4.4819e-007 -1.59818e-007 -1.79056e-008 6.27189e-007 2.94892e-007 3.38968e-007 -4.21299e-008 5.0961e-007 4.50292e-007 1.90177e-007 -4.92319e-008 -6.96697e-007 -8.40009e-007 4.41603e-008 1.56507e-007 1.26771e-006 4.62151e-007 5.83382e-007 7.74959e-008 7.07984e-007 8.22351e-007 6.37482e-009 -7.52048e-008 6.25248e-007 4.43776e-007 2.53215e-007 4.63688e-008 -6.47968e-007 -3.10848e-007 -3.75082e-007 7.41945e-008 -6.17223e-007 -4.47487e-007 -2.89829e-007 
R  4.45175e-009 3.6155e-009 5.23008e-009 -3.22049e-009 3.6155e-009 1.77593e-008 4.59603e-008 -1.57452e-008 5.23008e-009 4.59603e-008 1.23535e-007 -4.08015e-008 -3.22049e-009 -1.57452e-008 -4.08015e-008 1.45201e-008 
h  0 0 0 0 0 0 0 0 0 0 0 0 0 0 0 0 
b  -2.30259 -2.30259 -2.30259 -2.30259 -2.30259 -2.30259 -2.30259 -2.30259 -2.30259 -2.30259 -2.30259 -2.30259 -2.30259 -2.30259 -2.30259 -2.30259 
c  -0.485372 0.943839 0.530481 -0.474353 
vif  2.01508 1.23656 1.1832 2.24914 
sum_w  1.30497
sum_e_cv2  0.268999
sum_e2  0.0380551
n_data  9.95512
trustworthy  1
lambda  0.999
mean_x	 -0.260716 0.903138 0.417798 -0.60483 
var_x  0.017335 0.00151103 0.0153364 0.0115625 
w  0.21229
erased  0


[ENDINI]
