[CAMERA_CALIBRATION_RIGHT]

fps 30
projection pinhole
drawCenterCross 0
w 320
h 240
fx 222.147
fy 221.84
cx 167.419
cy 128.087
k1 -0.372217
k2 0.1151
p1 0.00174875
p2 0.00127864

[CAMERA_CALIBRATION_LEFT]

fps 30
projection pinhole
drawCenterCross 0
w 320
h 240
fx 213.359
fy 213.306
cx 165.374
cy 129.823
k1 -0.364057
k2 0.121225
p1 0.00419748
p2 0.00274532

[ALIGN_KIN_LEFT]
HN (0.999857 -0.0143885 -0.00891776 -0.0661441 0.0142212 0.999727 -0.0185419 0.00173289 0.00918212 0.0184124 0.999788 0.0100702 0 0 0 1)  // list of 4x4 doubles (per rows)  

[ALIGN_KIN_RIGHT]
HN (0.999857 -0.0143885 -0.00891776 -0.0661441 0.0142212 0.999727 -0.0185419 0.00173289 0.00918212 0.0184124 0.999788 0.0100702 0 0 0 1)  // list of 4x4 doubles (per rows)  

[STEREO_DISPARITY]
HN (0.999857 -0.0143885 -0.00891776 -0.0661441 0.0142212 0.999727 -0.0185419 0.00173289 0.00918212 0.0184124 0.999788 0.0100702 0 0 0 1)
QL ( 0.000000	 0.000000	 0.000000	 0.000384	-0.001151	 0.000192	 0.000767	 0.008345)
QR ( 0.000000	 0.000000	 0.000000	 0.000384	-0.001151	 0.000192	 0.000767	-0.009449)
