# ----------------------------------------------------------------
# Robot configuration File
# ----------------------------------------------------------------

[PUMA560_mDH]

DH:           0
Fix:          1
MinPara:      0
dof:          6
angle_in_degree: 0
Motor:        1

[PUMA560_mDH_LINK1]

joint_type:   0
theta:        0.0
d:            0.0
a:            0.0
alpha:        0.0
theta_min:    0.0
theta_max:    0.0
joint_offset: 0.0
immobile:     0
m:            0.0
cx:           0.0
cy:           0.0
cz:           0.0
Ixx:          0.0
Ixy:          0.0
Ixz:          0.0
Iyy:          0.0
Iyz:          0.0
Izz:          0.35
Im:         200e-6
Gr:          62.6111
B:            1.48e-3
Cf:           0.415

[PUMA560_mDH_LINK2]

joint_type:   0
theta:        0.0
d:            0.0
a:            0.0
alpha:       -1.57079632679489656
theta_min:    0.0
theta_max:    0.0
joint_offset: 0.0
immobile:     0
m:           17.4
cx:           0.068
cy:           0.006
cz:          -0.016
Ixx:          0.13
Ixy:          0.0
Ixz:          0.0
Iyy:          0.524
Iyz:          0.0
Izz:          0.539
Im:         200e-6
Gr:         107.815  
B:            0.817e-3
Cf:           0.0985

[PUMA560_mDH_LINK3]

joint_type:   0
theta:        0.0
d:           -0.15005
a:            0.4318
alpha:        0.0
theta_min:    0.0
theta_max:    0.0
joint_type:   0
immobile:     0
m:            4.8
cx:           0.0
cy:          -0.07
cz:           0.014
Ixx:          0.066
Ixy:          0.0
Ixz:          0.0
Iyy:          0.0125
Iyz:          0.0
Izz:          0.066
Im:           200e-6
Gr:           53.7063
B:            1.38e-3
Cf:           0.1185

[PUMA560_mDH_LINK4]

joint_type:   0
theta:        0.0
d:            0.4318
a:            0.0203
alpha:       -1.57079632679489656
theta_min:    0.0
theta_max:    0.0
joint_offset: 0.0
immobile:     0
m:            0.82
cx:           0.0
cy:           0.0
cz:          -0.019
Ixx:          0.0018
Ixy:          0.0
Ixz:          0.0
Iyy:          0.0018
Iyz:          0.0
Izz:          0.0013
Im:          33e-6
Gr:          76.0364 
B:           71.2e-6
Cf:           0.01405

[PUMA560_mDH_LINK5]

joint_type:   0
theta:        0.0
d:            0.0
a:            0.0
alpha:        1.57079632679489656
theta_min:    0.0
theta_max:    0.0
joint_offset: 0.0
immobile:     0
m:            0.34
cx:           0.0
cy:           0.0
cz:           0.0
Ixx:          0.0003
Ixy:          0.0
Ixz:          0.0
Iyy:          0.0003
Iyz:          0.0
Izz:          0.0004
Im:          33e-6
Gr:          71.923
B:           82.6e-6
Cf:           0.01188

[PUMA560_mDH_LINK6]

joint_type:   0
theta:        0.0
d:            0.3
a:            0.0
alpha:       -1.57079632679489656
theta_min:    0.0
theta_max:    0.0
joint_offset:   0.0
immobile:     0
m:            0.09
cx:           0.0
cy:           0.0
cz:           0.032
Ixx:          0.00015
Ixy:          0.0
Ixz:          0.0
Iyy:          0.00015
Iyz:          0.0
Izz:          0.00004
Im:          33e-6
Gr:          76.686
B:           36.7e-6
Cf:           0.00723

[PUMA560_mDH_LINK7]

joint_type:   0
theta:        0.0
d:            0.0
a:            0.0
alpha:        0.0
theta_min:    0.0
theta_max:    0.0
joint_offset: 0.0
immobile:     0
m:            0.0
cx:           0.0
cy:           0.0
cz:           0.0
Ixx:          0.0
Ixy:          0.0
Ixz:          0.0
Iyy:          0.0
Iyz:          0.0
Izz:          0.0
Im:           0.0
Gr:           0.0
B:            0.0
Cf:           0.0














