# ----------------------------------------------------------------
# Robot configuration File
# ----------------------------------------------------------------

[Default]

[PUMA560_DH]

DH:           1
Fix:          0
MinPara:      0
dof:          6
angle_in_degree: 0
Motor:        0

[PUMA560_DH_LINK1]
joint_type:   0
theta:        0.0
d:            0.0
a:            0.0
alpha:        1.570796326794895
theta_min:    0.0
theta_max:    0.0
joint_offset: 0.0
immobile:     0
m:            0.0
cx:           0.0
cy:           0.0
cz:           0.0
Ixx:          0.0
Ixy:          0.0
Ixz:          0.0
Iyy:          0.35
Iyz:          0.0
Izz:          0.0
Im:         200e-6
Gr:          62.6111
B:            1.48e-3
Cf:           0.415

[PUMA560_DH_LINK2]
joint_type:   0
theta:        0.0 
d:            0.0
a:            0.4318
alpha:        0.0
theta_min:    0.0
theta_max:    0.0
joint_offset: 0.0
immobile:     0
m:           17.4
cx:          -0.3638
cy:           0.006
cz:           0.2275
Ixx:          0.13
Ixy:          0.0
Ixz:          0.0
Iyy:          0.524
Iyz:          0.0
Izz:          0.539
Im:         200e-6
Gr:         107.815  
B:            0.817e-3
Cf:           0.0985

[PUMA560_DH_LINK3]
joint_type:   0
theta:        0.0
d:            0.15005
a:            0.0203
alpha:       -1.570796326794895
theta_min:    0.0
theta_max:    0.0
joint_offset: 0.0
immobile:     0
m:            4.8
cx:          -0.0203
cy:          -0.0141
cz:           0.07
Ixx:          0.066
Ixy:          0.0
Ixz:          0.0
Iyy:          0.086
Iyz:          0.0
Izz:          0.0125
Im:           200e-6
Gr:           53.7063
B:            1.38e-3
Cf:           0.1185

[PUMA560_DH_LINK4]
joint_type:  0
theta:        0.0
d:            0.4318
a:            0.0
alpha:        1.570796326794895
theta_min:    0.0
theta_max:    0.0
joint_offset: 0.0
immobile:     0
m:            0.82
cx:           0.0
cy:           0.019
cz:           0.0
Ixx:          0.0018
Ixy:          0.0
Ixz:          0.0
Iyy:          0.0013
Iyz:          0.0
Izz:          0.0018
Im:          33e-6
Gr:          76.0364 
B:           71.2e-6
Cf:           0.01405

[PUMA560_DH_LINK5]
joint_type:   0
theta:        0.0
d:            0.0
a:            0.0
alpha:       -1.570796326794895
theta_min:    0.0
theta_max:    0.0
joint_offset: 0.0
immobile:     0
m:            0.34
cx:           0.0
cy:           0.0
cz:           0.0
Ixx:          0.0003
Ixy:          0.0
Ixz:          0.0
Iyy:          0.0004
Iyz:          0.0
Izz:          0.0003
Im:          33e-6
Gr:          71.923
B:           82.6e-6
Cf:           0.01188

[PUMA560_DH_LINK6]
joint_type:   0
theta:        0.0
d:            0.0
a:            0.0
alpha:        0.0
theta_min:    0.0
theta_max:    0.0
joint_offset: 0.0
immobile:     0
m:            0.09
cx:           0.0
cy:           0.0
cz:           0.032
Ixx:          0.00015
Ixy:          0.0
Ixz:          0.0
Iyy:          0.00015
Iyz:          0.0
Izz:          0.00004
Im:          33e-6
Gr:          76.686
B:           36.7e-6
Cf:           0.00723












